f = 260000
M = 246
N = 16

x = 1.3422e+08
y = -31792
r = 1.02405
phi = -0.0135717
