f = 2e+06
M = 32
N = 10

x = 1.22031e+08
y = 537513
r = 7448.49
phi = 0.252378
