f = 10
M = 512
N = 32

x = 1.21705e+08
y = -7475.23
r = 7428.49
phi = -0.00351927
