f = 1e+06
M = 64
N = 10

x = 1.18741e+08
y = -1.76915e+07
r = 0.915952
phi = 0.000781874
