f = 4000
M = 64
N = 1

x = 1.21707e+08
y = -99.6562
r = 7428.65
phi = -4.69163e-05
