f = 400000
M = 160
N = 2

x = 1.01259e+08
y = -6.49047e+07
r = 7341.2
phi = -32.66
