f = 1e+06
M = 64
N = 10

x = 1.19982e+08
y = -6.13304e+06
r = 0.916611
phi = -2.9263
