f = 200000
M = 320
N = 1

x = 7.36524e+07
y = -2.16289e+07
r = 4685.35
phi = -16.366
