f = 1e+06
M = 64
N = 10

x = 1.18716e+08
y = -1.7661e+07
r = 0.915723
phi = 0.0133831
