f = 9999.75
M = 6400
N = 2

x = 1.34213e+08
y = -6688.5
r = 1.02399
phi = -0.00285542
